9380173470
9380173494
9380173541
9380173646
9380173647
9380173662
9380173675
9380173762
9380173784
9380173842
9380173943
9380173979
9380174014
9380174027
9380174100
9380174161
9380174208
9380174254
9380174278
9380174281
9380174320
9380174348
9380174353
9380174373
9380174485
9380174520
9380174708
9380174755
9380174791
9380174808
9380174905
9380174912
9380175024
9380175090
9380175094
9380175157
9380175207
9380175284
9380175379
9380175449
9380175513
9380175546
9380175670
9380175703
9380175802
9380175812
9380175825
9380175859
9380175860
9380175880
9380175930
9380175972
9380176131
9380176136
9380176285
9380176385
9380176443
9380176501
9380176512
9380176542
9380176543
9380176571
9380176623
9380176739
9380176785
9380176820
9380176823
9380176865
9380176947
9380177021
9380177179
9380177241
9380177261
9380177270
9380177321
9380177380
9380177415
9380177496
9380177762
9380177837
9380177902
9380177912
9380178038
9380178067
9380178119
9380178143
9380178147
9380178151
9380178174
9380178213
9380178216
9380178284
9380178285
9380178329
9380178381
9380178433
9380178434
9380178457
9380178516
9380178532
9380178559
9380178611
9380178646
9380178661
9380178741
9380178937
9380178951
9380178997
9380179014
9380179023
9380179118
9380179240
9380179253
9380179266
9380179284
9380179316
9380179338
9380179359
9380179376
9380179452
9380179574
9380179575
9380179629
9380179638
9380179671
9380179770
9380179784
9380179887
9380179890
9380179901
9380179916
9380179918
9380180021
9380180091
9380180096
9380180192
9380180273
9380180294
9380180432
9380180442
9380180640
9380180697
9380180766
9380180802
9380180814
9380180815
9380180866
9380180926
9380181064
9380181149
9380181233
9380181278
9380181378
9380181404
9380181462
9380181483
9380181582
9380181631
9380181921
9380181969
9380182033
9380182091
9380182133
9380182147
9380182169
9380182261
9380182315
9380182318
9380182335
9380182365
9380182492
9380182496
9380182502
9380182524
9380182564
9380182581
9380182594
9380182600
9380182634
9380182681
9380182706
9380182740
9380182837
9380182870
9380182901
9380182914
9380182944
9380183006
9380183014
9380183146
9380183237
9380183294
9380183342
9380183484
9380183491
9380183540
9380183657
9380183703
9380183774
9380183795
9389018468
9389018491
9389018505
9389018509
9389018515
9389018525
9389018541
9389018583
9389018598
9389018613
9389018631
9389018667
9389018672
9389018703
9389018731
9389018741
9389018745
9389018830
9389018842
9389018895
9389018915
9389018966
9389019017
9389019028
9389019050
9389019057
9389019202
9389019231
9389019238
9389019243
9389019254
9389019298
9389019313
9389019356
9389019397
9389019410
9389019445
9389019480
9389019626
9389019630
9389019689
9389019708
9389019715
9389019733
9389019740
9389019787
9389019813
9389019862
9389019916
9389019972
9389020237
9389020265
9389020293
9389020323
9389020339
9389020342
9389020375
9389020427
9389020471
9389020474
9389020539
9389020541
9389020548
9389020578
9389020582
9389020584
9389020586
9389020613
9389020623
9389020624
9389020673
9389020731
9389020795
9389020818
9389020876
9389020904
9389020942
9389021052
9389021066
9389021078
9389021127
9389021128
9389021150
9389021151
9389021186
9389021192
9389021229
9389021336
9389021383
9389021426
9389021454
9389021549
9389021583
9389021694
9389021760
9389021788
9389021802
9389021856
9389022065
9389022136
9389022157
9389022286
9389022405
9389022516
9389022536
9389022554
9389022619
9389022648
9389022649
9389022774
9389022825
9389022874
9389022889
9389022953
9389023006
9389023061
9389023072
9389023144
9389023206
9389023216
9389023285
9389023289
9389023367
9389023386
9389023496
9389023505
9389023564
9389023565
9389023567
9389023656
9389023670
9389023682
9389023684
9389023742
9389023759
9389023807
9389023828
9389023990
9389024034
9389024146
9389024172
9389024215
9389024235
9389024256
9389024307
9389024309
9389024327
9389024478
9389024539
9389024556
9389024590
9389024596
9389024619
9389024723
9389024736
9389024782
9389024803
9389024880
9389024903
9389024938
9389024965
9389025091
9389025106
9389025147
9389025190
9389025313
9389025334
9389025341
9389025407
9389025427
9389025527
9389025541
9389025613
9389025647
9389025782
9389025787
9389025794
9389025851
9389025871
9389025878
9389025957
9389026017
9389026043
9389026107
9389026118
9389026152
9389026260
9389026324
9389026396
9389026624
9389026656
9389026705
9389026748
9389026807
9389026934
9389026954
9389027003
9389027026
9389027079
9389027139