9380183837
9380183867
9380183909
9380183924
9380183991
9380184024
9380184076
9380184097
9380184283
9380184286
9380184293
9380184391
9380184439
9380184511
9380184513
9380184592
9380184670
9380184673
9380184739
9380184773
9380184778
9380184847
9380184912
9380184926
9380184929
9380184985
9380185028
9380185081
9380185117
9380185243
9380185284
9380185329
9380185330
9380185463
9380185476
9380185630
9380185692
9380185699
9380185720
9380185824
9380185856
9380185872
9380185894
9380185965
9380185979
9380186072
9380186150
9380186236
9380186238
9380186264
9380186323
9380186365
9380186416
9380186431
9380186732
9380186734
9380186877
9380186883
9380186913
9380186924
9380186962
9380187033
9380187203
9380187224
9380187348
9380187363
9380187375
9380187391
9380187418
9380187458
9380187473
9380187531
9380187566
9380187600
9380187647
9380187684
9380187824
9380187859
9380187996
9380188033
9380188040
9380188063
9380188139
9380188143
9380188220
9380188234
9380188258
9380188323
9380188363
9380188395
9380188459
9380188479
9380188499
9380188615
9380188640
9380188650
9380188680
9380188713
9380188734
9380188823
9380188981
9380189019
9380189084
9380189186
9380189216
9380189248
9380189280
9380189409
9380189663
9380189686
9380189687
9380189733
9380189758
9380189775
9380189835
9380189854
9380189855
9380189867
9380189925
9380190368
9380190409
9380190457
9380190463
9380190464
9380190534
9380190592
9380190609
9380190615
9380190746
9380190815
9380190837
9380190998
9380191006
9380191058
9380191174
9380191288
9380191326
9380191346
9380191448
9380191467
9380191481
9380191633
9380191647
9380191718
9380191846
9380191927
9380192013
9380192024
9380192054
9380192154
9380192156
9380192177
9380192310
9380192359
9380192459
9380192611
9380192706
9380192764
9380192783
9380192818
9380192858
9380192947
9380192951
9380193073
9380193110
9380193138
9380193192
9380193407
9380193445
9380193478
9380193568
9380193576
9380193591
9380193619
9380193643
9380193661
9380193722
9380193776
9380193825
9380193826
9380193909
9380194137
9380194221
9380194256
9380194285
9380194396
9380194404
9380194427
9380194461
9380194516
9380194617
9380194708
9380194716
9380194752
9380194753
9380194762
9380194856
9380194886
9380194896
9380194943
9380205062
9380205082
9380205203
9380205302
9380205321
9380205338
9380205347
9380205475
9380205483
9380205614
9380205647
9380205694
9380205766
9380205890
9380205904
9380205910
9380206027
9380206073
9380206078
9380206102
9380206294
9380206423
9380206455
9380206700
9380207183
9380207310
9380207318
9380207338
9380207487
9380207538
9380207573
9380207586
9380207949
9380207995
9380208094
9380208124
9380208152
9380208188
9380208218
9380208239
9380208271
9380208321
9380208372
9380208468
9380208471
9380208485
9380208511
9380208576
9380208610
9380208773
9380208932
9380209114
9380209121
9380209134
9380209148
9380209190
9380209227
9380209281
9380209288
9380209388
9380209420
9380209450
9380209458
9380209504
9380209508
9380209548
9380209686
9380209694
9380209718
9380209772
9380209998
9380210018
9380210047
9380210089
9380210196
9380210247
9380210271
9380210285
9380210367
9380210451
9380210460
9380210494
9380210557
9380210634
9380210651
9380210711
9380210714
9380210759
9380210827
9380210846
9380210923
9380210927
9380210933
9380210980
9380211029
9380211070
9380211083
9380211234
9380211268
9380211295
9380211297
9380211307
9380211478
9380211560
9380211578
9380211601
9380211612
9380211620
9380211736
9380211748
9380211752
9380211784
9380211857
9380211923
9380212040
9380212071
9380212308
9380212378
9380212523
9380212622
9380212634
9380212792
9380212860
9380212962
9380213064
9380213175
9380213199
9380213228
9380213257
9380213346
9380213351
9380213359
9380213378
9380213387
9380213394
9380213422
9380213424
9380213464
9380213498
9380213514
9380213542
9380213556
9380213575
9380213623
9380213662
9380213729
9380213799
9380213857
9380213899
9380213955
9380213976
9380214069
9380214137
9380214172
9380214264
9380214313
9380214332
9380214446
9380214461
9380214713
9380214823
9380214851
9380214882
9380214993
9380215071
9380215110
9380215184
9380215267
9380215298
9380215320
9380215337
9380215398
9380215400
9380215431
9380215563
9380215594
9380215756
9380215809
9380215845
9380215871
9380215933
9380215974
9380216064
9380216085
9380216108
9380216296
9380216370
9380216381
9380216402
9380216427
9380216453
9380216459
9380216480
9380216486
9380216489
9380216569
9380216581
9380216649
9380216700
9380216765