9389036234
9389036267
9389036271
9389036278
9389036300
9389036337
9389036360
9389036445
9389036476
9389036525
9389036676
9389036687
9389036702
9389036711
9389036747
9389036788
9389036798
9389036804
9389036810
9389036817
9389036823
9389036833
9389036835
9389036855
9389037043
9389037067
9389037106
9389037208
9389037230
9389037251
9389037262
9389037277
9389037299
9389037344
9389037510
9389037523
9389037624
9389037629
9389037789
9389037796
9389037798
9389037802
9389037864
9389037896
9389037973
9389037978
9389037989
9389037998
9389038027
9389038077
9389038263
9389038321
9389038431
9389038452
9389038473
9389038481
9389038499
9389038550
9389038559
9389038701
9389038870
9389038960
9389038974
9389039074
9389039078
9389039092
9389039107
9389039117
9389039140
9389039185
9389039205
9389039243
9389039322
9389039325
9389039373
9389039408
9389039491
9389039550
9389039573
9389039582
9389039587
9389039647
9389039651
9389039756
9389039775
9389039787
9389039830
9389039833
9389039846
9389039890
9389039894
9389040012
9389040090
9389040221
9389040290
9389040363
9389040515
9389040545
9389040676
9389040746
9389040757
9389040785
9389040823
9389040865
9389040918
9389040927
9389040929
9389040971
9389041037
9389041055
9389041068
9389041096
9389041131
9389041137
9389041173
9389041209
9389041220
9389041287
9389041296
9389041326
9389041339
9389041369
9389041395
9389041472
9389041624
9389041631
9389041677
9389041922
9389042015
9389042033
9389042039
9389042213
9389042279
9389042337
9389042350
9389042357
9389042403
9389042493
9389042533
9389042546
9389042558
9389042622
9389042637
9389042654
9389042665
9389042686
9389042699
9389042703
9389042731
9389042757
9389042759
9389042779
9389042784
9389042827
9389042908
9389042913
9389042933
9389042938
9389042987
9389043025
9389043046
9389043052
9389043082
9389043128
9389043162
9389043167
9389043195
9389043219
9389043250
9389043288
9389043327
9389043389
9389043396
9389043424
9389043446
9389043487
9389043500
9389043551
9389043590
9389043605
9389043680
9389043709
9389043782
9389043808
9389043824
9389043848
9389043864
9389043887
9389043909
9389043919
9389043923
9389043926
9389043940
9389043970
9389044022
9389044079
9389044118
9389044130
9389044153
9389044177
9389012303
9389012308
9389012379
9389012395
9389012428
9389012528
9389012558
9389012573
9389012652
9389012717
9389012797
9389012803
9389012816
9389012824
9389012840
9389012845
9389012862
9389012916
9389012968
9389013058
9389013112
9389013147
9389013151
9389013242
9389013270
9389013283
9389013291
9389013412
9389013462
9389013474
9389013483
9389013620
9389013634
9389013643
9389013672
9389013727
9389013827
9389013910
9389013946
9389013953
9389014046
9389014171
9389014185
9389014218
9389014226
9389014237
9389014342
9389014344
9389014345
9389014439
9389014456
9389014487
9389014497
9389014525
9389014547
9389014549
9389014563
9389014659
9389014679
9389014789
9389014821
9389014838
9389014872
9389014894
9389014895
9389014926
9389014951
9389015006
9389015083
9389015089
9389015101
9389015128
9389015142
9389015165
9389015209
9389015227
9389015233
9389015266
9389015277
9389015279
9389015328
9389015347
9389015366
9389015398
9389015420
9389015449
9389015516
9389015542
9389015603
9389015631
9389015675
9389015709
9389015729
9389015732
9389015735
9389015751
9389015794
9389015807
9389015830
9389015841
9389015957
9389015974
9389016004
9389016073
9389016075
9389016103
9389016128
9389016136
9389016159
9389016218
9389016254
9389016269
9389016294
9389016345
9389016348
9389016359
9389016373
9389016385
9389016390
9389016447
9389016460
9389016467
9389016481
9389016607
9389016610
9389016628
9389016652
9389016658
9389016698
9389016716
9389016741
9389016761
9389016824
9389016841
9389016844
9389016851
9389016853
9389016863
9389016912
9389016962
9389017003
9389017033
9389017120
9389017180
9389017199
9389017211
9389017224
9389017244
9389017251
9389017295
9389017296
9389017311
9389017336
9389017366
9389017376
9389017401
9389017408
9389017416
9389017418
9389017455
9389017508
9389017577
9389017592
9389017632
9389017646
9389017702
9389017720
9389017727
9389017728
9389017743
9389017772
9389017780
9389017786
9389017844
9389017893
9389017894
9389017899
9389017907
9389017928
9389017975
9389018015
9389018084
9389018128
9389018139
9389018153
9389018180
9389018183
9389018221
9389018269
9389018291
9389018341
9389018351
9389018370
9389018390
9389018406
9389018411
9389018414
9389018427
9389018446
9389018460