9286431598
9286431648
9286431808
9286431879
9286431897
9286431973
9286431987
9286432256
9286432258
9286432283
9286432321
9287885292
9287885330
9287885405
9287885461
9287885706
9287885843
9287885961
9287885983
9287885998
9287886052
9287886119
9287886238
9287886497
9287886654
9287886714
9287886730
9287886795
9287886870
9287886883
9287887073
9287887389
9287887443
9286431518
9286431326
9286431291
9286431257
9286431255
9286431243
9286431191
9287887492
9287887809
9287887956
9287888016
9287888108
9287888122
9287888269
9287888419
9287888518
9287888553
9287888580
9287888661
9287888676
9287888958
9287889147
9287889160
9287889163
9287889241
9287889264
9287889325
9287889337
9287889536
9287889572
9287889795
9287889801
9287889908
9287889984
9287890067
9287890114
9287890158
9287890259
9287890413
9287890535
9287890564
9287890805
9287890856
9287890941
9287891061
9287891253
9287891342
9287891610
9287891615
9287891654
9287891687
9287891863
9287892023
9287892224
9287892370
9287892909
9287893033
9287893096
9287893347
9287893436
9287893485
9287893714
9287893752
9287893910
9287894123
9287894196
9287894243
9287894282
9287894297
9287894308
9287894460
9287894552
9287894939
9287895023
9287895284
9287895288
9287895326
9287895377
9287895432
9287895671
9287895745
9287895830
9287895867
9287895898
9287895914
9287896080
9287896380
9287896405
9287896861
9287897736
9287897880
9287898052
9287898107
9287898177
9287898568
9287898633
9287899200
9287899219
9287899227
9287899363
9287899634
9287899661
9287899772
9287899796
9288850108
9288850144
9288850237
9288850253
9288850412
9288850471
9288850577
9288850664
9288850694
9288850749
9288850991
9288851180
9288851181
9288851332
9288851419
9288851502
9288851565
9288851569
9288851664
9288851767
9288851906
9288851918
9288851956
9288852009
9288852018
9288852029
9288852164
9288852239
9288852248
9288852283
9288852367
9288852487
9288852491
9288852521
9288852542
9288852587
9288852638
9288852870
9288852913
9288852947
9288853209
9288853641
9288853655
9288853789
9288853826
9288853832
9288853975
9288854332
9288854401
9288854423
9288854450
9288854553
9288854560
9288854766
9288854807
9288854886
9288854956
9288855024
9288855049
9288855246
9288855375
9288855423
9288855957
9389044215
9389044241
9389044303
9389044324
9389044360
9389044366
9389044370
9389044413
9389044421
9389044529
9389044539
9389044541
9389044598
9389044630
9389044635
9389044658
9389044695
9389044735
9380163288
9380163289
9380163382
9380163466
9380163471
9380163546
9380163585
9380163649
9380163664
9380163721
9380163724
9380163822
9380163863
9380163870
9380163875
9380163934
9380163984
9380164130
9380164175
9380164191
9380164301
9380164311
9380164325
9380164396
9380164414
9380164518
9380164534
9380164537
9380164580
9380164872
9380164893
9380164963
9380165075
9380165183
9380165213
9380165272
9380165354
9380165457
9380165521
9380165612
9380165630
9380165653
9380165678
9380165683
9380165704
9380165733
9380165796
9380165857
9380165902
9380165971
9380165982
9380166021
9380166174
9380166287
9380166438
9380166524
9380166551
9380166596
9380166612
9380166625
9380166650
9380166653
9380166734
9380166753
9380166895
9380166958
9380166966
9380166993
9380167043
9380167062
9380167074
9380167085
9380167108
9380167123
9380167143
9380167173
9380167219
9380167226
9380167252
9380167320
9380167357
9380167369
9380167389
9380167428
9380167436
9380167552
9380167567
9380167580
9380167588
9380167677
9380167705
9380167880
9380167908
9380167910
9380167911
9380167960
9380168019
9380168079
9380168115
9380168124
9380168199
9380168336
9380168374
9380168445
9380168460
9380168527
9380168532
9380168649
9380168670
9380168829
9380168854
9380168897
9380169019
9380169035
9380169129
9380169163
9380169203
9380169298
9380169463
9380169484
9380169526
9380169571
9380169578
9380169590
9380169629
9380169743
9380169762
9380169768
9380169834
9380169894
9380169927
9380169952
9380170057
9380170159
9380170266
9380170325
9380170340
9380170395
9380170524
9380170560
9380170679
9380170698
9380170734
9380170756
9380170856
9380170873
9380170978
9380171012
9380171026
9380171029
9380171057
9380171082
9380171115
9380171148
9380171172
9380171263
9380171372
9380171573
9380171574
9380171578
9380171582
9380172024
9380172039
9380172138
9380172302
9380172355
9380172392
9380172477
9380172585
9380172694
9380172720
9380172768
9380172814
9380172873
9380172924
9380172954
9380172958
9380173066
9380173088
9380173129
9380173174
9380173252